864.000 620.897 555.102 303.638 225.249 133.173 131.219 52.153 66.020 47.550
1727.000 1363.265 1208.700 579.349 389.238 207.362 197.865 73.171 153.436 97.614
2541.000 2129.699 1892.951 853.805 557.876 274.381 262.465 96.599 237.708 148.515
8460.000 7663.374 6814.781 2681.547 1703.880 775.060 672.597 505.028 478.910 231.824
8456.000 7930.167 7005.950 2633.067 1646.598 755.362 618.577 492.042 233.353 215.885
8456.000 8150.378 7042.827 2653.529 1568.768 735.355 541.990 496.057 246.233 95.863
12180.896 8456.000 7635.537 748.657 516.247 240.355 154.527 35.159 19.621
19925.605 8456.000 741.644 528.573 242.825 55.769 19.704 16.880
19971.316 8456.000 736.485 528.535 260.571 34.093
20001.680 8456.000 735.666 527.615 266.040
20000.637 8456.000 735.906 526.548 267.910
20000.203 8456.000 736.112 526.143 268.541
20000.031 8456.000 736.075 526.073 268.821
19999.963 8456.000 735.962 526.072 269.003
19999.943 8456.000 735.812 526.079 269.167
19999.928 8456.000 735.624 526.078 269.370
19999.932 8456.000 735.436 526.072 269.561
19999.918 8456.000 735.309 526.063 269.710
19999.916 8456.000 735.255 526.060 269.770
19999.914 8456.000 734.235 526.056 269.795 1.000 0.000
19999.791 8456.000 734.759 525.700 269.749 1.000
19999.795 8456.000 734.984 525.499 269.722 1.000
19999.799 8456.000 735.127 525.363 269.711 1.000
19999.801 8456.000 735.205 525.288 269.706 1.000
19999.801 8456.000 735.256 525.238 269.705 1.000
19999.801 8456.000 735.292 525.203 269.704 1.000
19999.801 8456.000 735.311 525.184 269.704 1.000
19999.801 8456.000 735.324 525.171 269.704 1.000
19999.801 8456.000 735.333 525.162 269.704 1.000
19999.801 8456.000 735.338 525.157 269.704 1.000
19999.801 8456.000 735.342 525.154 269.704 1.000
19999.801 8456.000 735.344 525.152 269.704 1.000
