-2.291067141e-01
-3.545552626e-01
-4.057651276e-01
-5.944459240e-01
-6.085862133e-01
-6.098818415e-01
-6.115548939e-01
-6.127680597e-01
-6.134952945e-01
-6.139801649e-01
-6.139861482e-01
-6.139871542e-01
-6.139872463e-01
-6.139873121e-01
-6.139874046e-01
-6.139875482e-01
-6.139877193e-01
-6.139878215e-01
-6.139878465e-01
-6.140457457e-01
-6.140460270e-01
-6.140460599e-01
-6.140460704e-01
-6.140460745e-01
-6.140460762e-01
-6.140460768e-01
-6.140460771e-01
-6.140460772e-01
-6.140460773e-01
-6.140460773e-01
-6.140460773e-01
-6.140460773e-01
