0 1 2 3 4 5 6 7 8 9
0 1 2 3 4 5 6 7 8 9
0 1 2 3 4 5 6 7 8 9
0 1 4 3 2 5 7 8 9 6
0 1 4 3 2 5 8 9 7 6
0 1 4 3 9 2 8 5 7 6
0 1 3 4 9 8 2 5 7 6
0 1 3 4 9 8 5 2 7
0 1 3 4 9 8 5 2 7
0 1 3 4 9 8 5 2 7
0 1 3 4 9 8 5 2 7
0 1 3 4 9 8 5 2 7
0 1 3 4 9 8 5 2 7
0 1 3 4 9 8 5 2 7
0 1 3 4 9 8 5 2 7
0 1 3 4 9 8 5 2 7
0 1 3 4 9 8 5 2 7
0 1 3 4 9 8 5 2 7
0 1 3 4 9 8 5 2 7
0 1 3 4 9 8 5 2 7
0 1 3 4 9 8 5 2 7
0 1 3 4 9 8 5 2 7
0 1 3 4 9 8 5 2 7
0 1 3 4 9 8 5 2 7
0 1 3 4 9 8 5 2 7
0 1 3 4 9 8 5 2 7
0 1 3 4 9 8 5 2 7
0 1 3 4 9 8 5 2 7
0 1 3 4 9 8 5 2 7
0 1 3 4 9 8 5 2 7
0 1 3 4 9 8 5 2 7
0 1 3 4 9 8 5 2 7
0 1 3 4 9 8 5 2 7
0 1 3 4 9 8 5 2 7
0 1 3 4 9 8 5 2 7
0 1 3 4 9 8 5 2 7
0 1 3 4 9 8 5 2 7
0 1 3 4 9 8 5 2 7
0 1 3 4 9 8 5 2 7
