1755.169 854.000 429.038 263.647 300.923 116.114 50.872 96.773 68.347 64.117
3768.836 1720.000 666.967 474.322 670.511 205.821 70.744 183.038 131.785 104.978
5828.496 2558.000 856.066 682.298 1034.891 304.163 85.253 275.942 211.104 158.787
20414.041 8459.000 3933.404 2196.912 1839.093 879.153 761.973 751.381 589.420 162.621
20295.838 8456.000 4089.825 2783.794 1108.504 828.235 790.038 744.929 726.211 163.626
19558.924 8456.000 4166.216 3655.967 924.103 861.333 817.871 791.712 592.074 162.799
18824.529 8456.000 4468.930 4147.671 1131.520 837.482 777.793 768.227 415.483 159.363
18295.709 8456.000 5223.483 4060.610 1319.294 852.356 751.323 745.444 282.781
17960.805 8456.000 5611.686 3946.258 1436.005 860.541 736.868 727.085 251.751
17750.354 8456.000 5854.867 3864.314 1492.789 865.601 727.227 717.246 258.602
17630.066 8456.000 5991.485 3824.149 1515.534 870.370 719.492 711.401 268.504
17559.635 8456.000 6067.604 3804.472 1526.172 872.771 714.659 707.587 278.102
17514.035 8456.000 6116.363 3795.233 1531.647 873.954 711.755 703.402 284.610
17487.707 8456.000 6144.047 3790.685 1533.972 874.456 709.196 700.766 290.171
17470.709 8456.000 6161.960 3788.489 1534.989 874.417 707.069 698.867 294.500
17459.656 8456.000 6173.376 3789.040 1535.488 874.176 704.842 697.917 296.504
17452.418 8456.000 6180.724 3789.625 1535.882 873.922 703.593 697.331 297.506
17447.340 8456.000 6185.727 3790.108 1536.220 873.820 702.632 696.942 298.212
17444.082 8456.000 6188.885 3790.336 1536.507 873.742 702.067 696.669 298.713
17442.023 8456.000 6190.873 3790.449 1536.743 873.691 701.736 696.422 299.062
17440.656 8456.000 6192.184 3790.525 1536.937 873.647 701.514 696.199 299.337
17439.766 8456.000 6193.015 3790.581 1537.090 873.607 701.361 696.018 299.562
17439.201 8456.000 6193.547 3790.623 1537.213 873.556 701.260 695.834 299.767
17438.854 8456.000 6193.874 3790.669 1537.306 873.488 701.192 695.635 299.985
17438.611 8456.000 6194.075 3790.743 1537.379 873.370 701.144 695.404 300.275
17438.461 8456.000 6194.193 3790.843 1537.439 873.111 701.107 694.992 300.854
17438.236 8456.000 6194.208 3791.069 1537.496 872.597 701.079 693.846 302.469
17437.875 8456.000 6194.138 3791.467 1537.543 872.178 700.963 691.791 305.046
17437.615 8456.000 6194.113 3792.000 1537.595 872.151 700.881 691.324 305.321
17437.557 8456.000 6194.043 3792.261 1537.605 872.175 700.823 691.298 305.237
17437.451 8456.000 6194.035 3792.360 1537.613 872.181 700.789 691.341 305.231
17437.375 8456.000 6194.043 3792.389 1537.620 872.181 700.769 691.373 305.250
17437.295 8456.000 6194.065 3792.397 1537.624 872.178 700.756 691.412 305.273
17437.209 8456.000 6194.093 3792.395 1537.626 872.176 700.747 691.461 305.294
17437.148 8456.000 6194.112 3792.390 1537.626 872.173 700.741 691.499 305.309
17437.084 8456.000 6194.134 3792.383 1537.626 872.171 700.737 691.539 305.326
17437.039 8456.000 6194.150 3792.376 1537.624 872.170 700.735 691.566 305.339
17437.008 8456.000 6194.161 3792.370 1537.623 872.169 700.733 691.584 305.352
17436.977 8456.000 6194.172 3792.365 1537.622 872.169 700.732 691.601 305.362
