5.914532666e-02
-5.580978997e-02
-1.046186185e-01
-2.474919827e-01
-2.634009471e-01
-2.671370093e-01
-2.691063875e-01
-2.704002721e-01
-2.713970404e-01
-2.716892746e-01
-2.717847466e-01
-2.718378546e-01
-2.718584916e-01
-2.718700981e-01
-2.718781704e-01
-2.718834952e-01
-2.718848121e-01
-2.718853960e-01
-2.718855996e-01
-2.718856902e-01
-2.718857426e-01
-2.718857794e-01
-2.718858135e-01
-2.718858576e-01
-2.718859530e-01
-2.718863209e-01
-2.718893642e-01
-2.719012257e-01
-2.719045393e-01
-2.719046457e-01
-2.719046668e-01
-2.719046749e-01
-2.719046788e-01
-2.719046810e-01
-2.719046823e-01
-2.719046830e-01
-2.719046835e-01
-2.719046838e-01
-2.719046840e-01
