1745.478 952.867 843.003 410.604 276.685 228.711 164.628 209.600 88.085 79.339
3737.273 1625.736 1691.003 851.102 569.482 416.982 351.112 423.923 158.392 171.996
5855.930 2144.010 2520.003 1269.870 932.969 579.872 510.225 660.994 230.227 290.900
21625.764 8460.003 4946.070 4013.954 3815.255 2353.849 1564.701 1448.385 1054.044 704.977
22510.428 8456.000 4545.299 3855.954 3676.086 2516.997 1422.616 1134.481 1095.637 773.504
22352.166 8456.000 4629.927 3836.706 3537.029 2634.024 1379.315 1173.569 1113.203 875.062
22037.961 8456.000 4535.471 3865.853 3643.825 2721.917 1358.155 1223.553 1194.915 949.350
21713.619 8456.000 4434.615 3894.766 3815.433 2773.921 1384.214 1299.016 1205.942 1009.476
21407.375 8456.000 4372.894 3993.091 3916.883 2790.310 1544.200 1241.050 1209.691 1055.505
21102.123 8456.000 4341.157 4160.979 3984.418 2782.796 1645.278 1213.617 1210.694 1089.936
20805.664 8456.000 4330.744 4320.084 4091.383 2764.244 1685.147 1210.817 1207.287 1115.629
20528.111 8456.000 4470.949 4337.843 4191.273 2743.948 1695.262 1217.101 1212.530 1133.983
20222.021 8456.000 4618.295 4359.419 4301.394 2725.787 1699.815 1239.827 1214.451 1149.991
19954.475 8456.000 4691.957 4447.771 4381.278 2714.472 1697.407 1265.017 1215.120 1163.505
19732.457 8456.000 4682.038 4654.143 4404.347 2710.140 1684.754 1271.799 1214.381 1176.941
19577.039 8456.000 4868.434 4614.415 4424.911 2706.090 1669.010 1269.722 1212.173 1189.207
19472.873 8456.000 5063.903 4518.769 4441.495 2701.255 1651.722 1271.375 1208.672 1200.937
19403.770 8456.000 5250.786 4455.453 4400.981 2696.851 1629.522 1275.031 1212.718 1205.888
19361.832 8456.000 5418.510 4467.001 4278.323 2692.532 1606.494 1277.419 1224.434 1204.454
19336.553 8456.000 5573.597 4478.303 4154.836 2683.894 1587.848 1277.303 1235.220 1203.447
19319.199 8456.000 5728.583 4490.164 4025.533 2670.464 1575.343 1274.563 1244.159 1202.992
19307.588 8456.000 5879.946 4501.829 3895.454 2657.426 1563.822 1269.917 1251.133 1203.886
19297.996 8456.000 6032.502 4512.468 3763.739 2647.328 1551.516 1261.617 1257.052 1206.781
19289.020 8456.000 6177.054 4520.784 3639.805 2642.527 1538.439 1262.385 1246.337 1214.650
19277.594 8456.000 6325.204 4526.695 3515.513 2642.702 1525.460 1268.309 1230.768 1218.755
19260.561 8456.000 6473.059 4528.350 3391.983 2652.947 1517.586 1274.499 1217.279 1214.735
19227.482 8456.000 6628.504 4522.876 3270.117 2676.193 1514.207 1279.702 1216.221 1195.697
19169.238 8456.000 6827.703 4504.572 3140.541 2714.667 1500.738 1284.345 1215.072 1174.122
19110.686 8456.000 7042.297 4478.660 3011.463 2764.267 1469.709 1288.030 1214.300 1151.590
19061.332 8456.000 7259.676 4449.406 2881.239 2812.568 1434.733 1290.910 1213.900 1127.236
19023.701 8456.000 7462.659 4420.956 2842.786 2756.177 1409.430 1293.266 1213.816 1108.210
18994.785 8456.000 7642.917 4396.134 2852.062 2639.254 1395.677 1295.982 1214.077 1100.113
18968.740 8456.000 7815.814 4373.117 2852.206 2522.229 1388.393 1298.793 1214.335 1097.374
18940.980 8456.000 7989.044 4351.852 2848.362 2401.453 1386.538 1301.647 1214.683 1096.441
18915.668 8456.000 8126.378 4336.513 2844.995 2307.420 1384.450 1305.138 1215.104 1095.334
18892.256 8456.000 8245.052 4323.798 2841.501 2227.730 1381.662 1309.292 1215.513 1094.196
18873.053 8456.000 8343.975 4314.422 2838.108 2160.172 1379.002 1312.938 1215.860 1093.471
18857.596 8456.000 8424.737 4306.616 2834.404 2105.003 1377.588 1315.322 1216.095 1093.639
18843.830 8500.127 8456.000 4300.168 2829.947 2052.368 1376.744 1317.204 1216.280 1094.332
18831.840 8568.604 8456.000 4295.214 2824.088 2004.314 1376.595 1318.591 1216.405 1095.348
18821.877 8630.453 8456.000 4291.603 2817.236 1960.583 1376.546 1319.793 1216.513 1096.396
18814.135 8683.715 8456.000 4289.743 2809.956 1921.945 1376.650 1320.844 1216.587 1097.424
18806.316 8743.645 8456.000 4288.861 2801.637 1876.759 1376.579 1322.009 1216.668 1098.525
18798.818 8809.372 8456.000 4289.416 2791.507 1825.477 1376.625 1323.096 1216.747 1099.941
18791.006 8886.543 8456.000 4291.676 2778.044 1764.328 1376.580 1324.269 1216.821 1101.734
18782.693 8961.130 8456.000 4295.667 2758.960 1709.866 1376.328 1325.445 1216.870 1104.041
18773.299 9009.383 8456.000 4302.405 2734.309 1686.151 1375.109 1326.712 1216.913 1106.719
18764.547 9033.973 8456.000 4310.195 2709.213 1685.578 1372.346 1329.042 1216.934 1109.172
18758.086 9051.559 8456.000 4316.681 2688.613 1687.486 1368.395 1332.147 1216.877 1111.156
18752.459 9073.251 8456.000 4323.090 2670.268 1682.692 1365.001 1334.178 1216.873 1113.188
18748.137 9097.826 8456.000 4328.359 2655.079 1671.784 1362.659 1335.147 1216.919 1115.090
18743.152 9132.029 8456.000 4334.079 2638.886 1651.903 1360.974 1335.763 1216.973 1117.240
18738.611 9171.193 8456.000 4339.807 2622.819 1626.281 1359.935 1336.024 1217.040 1119.289
18733.611 9206.802 8456.000 4346.223 2604.535 1605.857 1359.237 1336.168 1217.111 1121.457
18728.139 9224.393 8456.000 4352.285 2586.795 1604.201 1358.386 1336.254 1217.179 1123.369
18723.574 9232.090 8456.000 4356.901 2572.480 1610.578 1357.116 1336.341 1217.236 1124.683
18720.236 9237.187 8456.000 4361.002 2560.209 1618.185 1354.963 1336.365 1217.277 1125.577
18717.639 9242.474 8456.000 4364.711 2549.125 1625.398 1351.925 1336.355 1217.304 1126.070
18715.754 9248.373 8456.000 4368.337 2540.136 1630.625 1347.909 1336.189 1217.319 1126.358
18714.326 9254.215 8456.000 4372.148 2534.239 1633.359 1343.040 1335.788 1217.314 1126.571
18713.125 9260.456 8456.000 4376.004 2530.738 1633.745 1337.897 1334.986 1217.306 1126.742
18712.109 9266.645 8456.000 4379.415 2529.212 1632.277 1333.817 1333.260 1217.269 1126.998
18711.148 9273.537 8456.000 4383.513 2528.855 1629.527 1331.636 1328.231 1217.238 1127.316
18710.459 9279.628 8456.000 4387.899 2529.312 1626.315 1328.867 1323.644 1217.242 1127.634
18709.986 9285.807 8456.000 4391.966 2530.495 1622.655 1325.866 1318.840 1217.291 1128.094
18709.738 9291.810 8456.000 4395.832 2531.869 1618.736 1323.279 1313.905 1217.399 1128.432
18709.510 9298.017 8456.000 4398.789 2533.472 1614.919 1321.347 1308.655 1217.514 1128.779
18709.338 9303.423 8456.000 4400.848 2535.021 1611.626 1320.214 1303.907 1217.610 1129.013
18709.143 9309.300 8456.000 4402.025 2536.659 1608.511 1319.770 1298.739 1217.707 1129.148
18708.873 9315.227 8456.000 4402.266 2538.318 1605.663 1320.326 1293.496 1217.818 1129.013
18708.596 9320.791 8456.000 4401.723 2539.836 1603.178 1321.992 1288.364 1217.962 1128.558
18708.125 9326.315 8456.000 4400.466 2541.451 1600.789 1325.332 1282.975 1218.104 1127.441
18707.541 9331.947 8456.000 4398.352 2543.252 1598.436 1331.234 1276.953 1218.333 1124.951
18706.260 9336.598 8456.000 4395.003 2545.356 1596.086 1343.000 1270.350 1218.635 1119.714
18703.871 9337.085 8456.000 4390.390 2547.773 1593.411 1368.922 1263.527 1219.199 1106.823
18698.697 9330.829 8456.000 4383.938 2550.394 1590.134 1414.914 1256.394 1220.078 1085.622
18687.998 9313.475 8456.000 4375.797 2552.344 1585.726 1475.802 1249.284 1221.802 1068.772
18665.402 9295.090 8456.000 4361.868 2554.159 1578.907 1552.609 1241.306 1223.942 1057.718
18633.090 9300.658 8456.000 4343.244 2556.908 1618.996 1570.232 1233.884 1226.589 1047.399
18595.879 9322.905 8456.000 4328.811 2561.579 1759.481 1562.162 1231.557 1228.863 939.763
18560.959 9358.509 8456.000 4329.887 2567.290 1886.280 1555.902 1238.832 1224.490 808.850
18535.176 9390.468 8456.000 4338.935 2570.955 1870.626 1551.705 1245.998 1221.194 805.943
18519.344 9411.681 8456.000 4340.168 2571.834 1857.718 1548.976 1250.682 1219.951 810.645
18507.391 9430.121 8456.000 4336.511 2571.947 1850.439 1547.115 1254.170 1219.470 813.836
18499.918 9442.442 8456.000 4331.765 2572.182 1847.546 1546.118 1256.253 1219.268 815.508
18494.062 9452.058 8456.000 4326.844 2572.555 1846.468 1545.361 1257.712 1219.227 816.711
18489.416 9459.239 8456.000 4322.410 2572.888 1846.447 1544.961 1258.713 1219.338 817.586
18486.307 9463.954 8456.000 4319.008 2573.211 1846.831 1544.703 1259.304 1219.488 818.194
18483.869 9467.361 8456.000 4316.323 2573.481 1847.305 1544.552 1259.699 1219.707 818.701
18482.090 9469.764 8456.000 4314.254 2573.740 1847.756 1544.470 1259.953 1219.896 819.077
18481.002 9471.098 8456.000 4313.002 2573.923 1848.090 1544.442 1260.090 1220.055 819.298
18480.139 9472.159 8456.000 4311.958 2574.073 1848.373 1544.418 1260.192 1220.202 819.487
18479.506 9472.902 8456.000 4311.209 2574.192 1848.576 1544.408 1260.262 1220.319 819.624
18479.051 9473.411 8456.000 4310.690 2574.281 1848.722 1544.403 1260.308 1220.414 819.719
18478.705 9473.780 8456.000 4310.304 2574.350 1848.833 1544.400 1260.340 1220.495 819.794
18478.463 9474.021 8456.000 4310.042 2574.399 1848.911 1544.399 1260.360 1220.555 819.848
18478.264 9474.221 8456.000 4309.834 2574.440 1848.971 1544.398 1260.376 1220.608 819.889
18478.115 9474.360 8456.000 4309.683 2574.469 1849.021 1544.396 1260.387 1220.649 819.920
18478.006 9474.461 8456.000 4309.574 2574.491 1849.056 1544.395 1260.396 1220.680 819.942
18477.924 9474.529 8456.000 4309.500 2574.507 1849.083 1544.395 1260.402 1220.704 819.957
18477.861 9474.584 8456.000 4309.441 2574.520 1849.102 1544.394 1260.406 1220.721 819.969
18477.811 9474.626 8456.000 4309.396 2574.531 1849.119 1544.392 1260.410 1220.736 819.978
