0 1 2 3 4 5 6 7 8 9
0 1 2 3 4 5 6 7 8 9
0 1 2 3 4 5 6 7 8 9
0 2 1 3 4 7 6 5 9 8
0 2 4 3 1 7 6 9 5 8
0 2 4 3 1 7 6 9 5 8
0 2 4 3 1 7 6 5 9 8
0 2 4 3 1 7 5 6 9 8
0 2 4 1 3 7 5 6 9 8
0 2 4 1 3 7 5 6 9 8
0 2 4 1 3 7 5 9 6 8
0 2 1 4 3 7 5 6 9 8
0 2 1 4 3 7 5 6 9 8
0 2 1 3 4 7 5 6 9 8
0 2 1 3 4 7 5 6 9 8
0 2 3 1 4 7 5 6 9 8
0 2 3 1 4 7 5 6 9 8
0 2 3 4 1 7 5 6 8 9
0 2 3 4 1 7 5 6 8 9
0 2 3 4 1 7 5 6 8 9
0 2 3 4 1 7 5 6 8 9
0 2 3 4 1 7 5 6 8 9
0 2 3 4 1 7 5 6 8 9
0 2 3 4 1 7 5 8 6 9
0 2 3 4 1 7 5 8 6 9
0 2 3 4 1 7 5 8 9 6
0 2 3 4 1 7 5 8 9 6
0 2 3 4 1 7 5 8 9 6
0 2 3 4 1 7 5 8 9 6
0 2 3 4 1 7 5 8 9 6
0 2 3 4 7 1 5 8 9 6
0 2 3 4 7 1 5 8 9 6
0 2 3 4 7 1 5 8 9 6
0 2 3 4 7 1 5 8 9 6
0 2 3 4 7 1 5 8 9 6
0 2 3 4 7 1 5 8 9 6
0 2 3 4 7 1 5 8 9 6
0 2 3 4 7 1 5 8 9 6
0 3 2 4 7 1 5 8 9 6
0 3 2 4 7 1 5 8 9 6
0 3 2 4 7 1 5 8 9 6
0 3 2 4 7 1 5 8 9 6
0 3 2 4 7 1 5 8 9 6
0 3 2 4 7 1 5 8 9 6
0 3 2 4 7 1 5 8 9 6
0 3 2 4 7 1 5 8 9 6
0 3 2 4 7 1 5 8 9 6
0 3 2 4 7 1 5 8 9 6
0 3 2 4 7 1 5 8 9 6
0 3 2 4 7 1 5 8 9 6
0 3 2 4 7 1 5 8 9 6
0 3 2 4 7 1 5 8 9 6
0 3 2 4 7 1 5 8 9 6
0 3 2 4 7 1 5 8 9 6
0 3 2 4 7 1 5 8 9 6
0 3 2 4 7 1 5 8 9 6
0 3 2 4 7 1 5 8 9 6
0 3 2 4 7 1 5 8 9 6
0 3 2 4 7 1 5 8 9 6
0 3 2 4 7 1 5 8 9 6
0 3 2 4 7 1 5 8 9 6
0 3 2 4 7 1 8 5 9 6
0 3 2 4 7 1 8 5 9 6
0 3 2 4 7 1 8 5 9 6
0 3 2 4 7 1 8 5 9 6
0 3 2 4 7 1 8 5 9 6
0 3 2 4 7 1 8 5 9 6
0 3 2 4 7 1 8 5 9 6
0 3 2 4 7 1 8 5 9 6
0 3 2 4 7 1 8 5 9 6
0 3 2 4 7 1 8 5 9 6
0 3 2 4 7 1 8 5 9 6
0 3 2 4 7 1 8 5 9 6
0 3 2 4 7 1 8 5 9 6
0 3 2 4 7 1 8 5 9 6
0 3 2 4 7 1 8 5 9 6
0 3 2 4 7 1 8 5 9 6
0 3 2 4 7 1 8 5 9 6
0 3 2 4 7 8 1 5 9 6
0 3 2 4 7 8 1 9 5 6
0 3 2 4 7 8 1 9 5 6
0 3 2 4 7 8 1 9 5 6
0 3 2 4 7 8 1 9 5 6
0 3 2 4 7 8 1 9 5 6
0 3 2 4 7 8 1 9 5 6
0 3 2 4 7 8 1 9 5 6
0 3 2 4 7 8 1 9 5 6
0 3 2 4 7 8 1 9 5 6
0 3 2 4 7 8 1 9 5 6
0 3 2 4 7 8 1 9 5 6
0 3 2 4 7 8 1 9 5 6
0 3 2 4 7 8 1 9 5 6
0 3 2 4 7 8 1 9 5 6
0 3 2 4 7 8 1 9 5 6
0 3 2 4 7 8 1 9 5 6
0 3 2 4 7 8 1 9 5 6
0 3 2 4 7 8 1 9 5 6
0 3 2 4 7 8 1 9 5 6
0 3 2 4 7 8 1 9 5 6
0 3 2 4 7 8 1 9 5 6
0 3 2 4 7 8 1 9 5 6
0 3 2 4 7 8 1 9 5 6
