2.627817569e-01
1.728822963e-01
1.280141510e-01
-4.678731870e-03
-3.576394560e-02
-3.859840868e-02
-3.995663884e-02
-4.085400585e-02
-4.159198681e-02
-4.211597705e-02
-4.249404577e-02
-4.285408635e-02
-4.320360921e-02
-4.351194752e-02
-4.372391455e-02
-4.385407153e-02
-4.394913032e-02
-4.403521046e-02
-4.411165803e-02
-4.417631806e-02
-4.423095395e-02
-4.428600724e-02
-4.435541250e-02
-4.450273566e-02
-4.465040750e-02
-4.473486354e-02
-4.492622497e-02
-4.520708050e-02
-4.540568070e-02
-4.554359008e-02
-4.565323275e-02
-4.572596656e-02
-4.579569540e-02
-4.588651917e-02
-4.596324137e-02
-4.601232677e-02
-4.603987827e-02
-4.605723396e-02
-4.607072261e-02
-4.608256239e-02
-4.609382698e-02
-4.610525912e-02
-4.612079978e-02
-4.614668429e-02
-4.620699523e-02
-4.633398247e-02
-4.644846347e-02
-4.650448476e-02
-4.653124911e-02
-4.655032279e-02
-4.656843161e-02
-4.659391889e-02
-4.663764625e-02
-4.670329649e-02
-4.674070913e-02
-4.675240644e-02
-4.675828232e-02
-4.676351687e-02
-4.676841682e-02
-4.677242524e-02
-4.677562613e-02
-4.677833979e-02
-4.678140461e-02
-4.678464959e-02
-4.678805164e-02
-4.679087804e-02
-4.679313460e-02
-4.679494844e-02
-4.679667915e-02
-4.679848043e-02
-4.680051858e-02
-4.680328115e-02
-4.680761804e-02
-4.681720878e-02
-4.684375285e-02
-4.690767220e-02
-4.700278115e-02
-4.715594688e-02
-4.733612584e-02
-4.778156935e-02
-4.867963025e-02
-4.879969578e-02
-4.882204108e-02
-4.883090051e-02
-4.883427378e-02
-4.883586390e-02
-4.883672079e-02
-4.883712964e-02
-4.883731916e-02
-4.883741593e-02
-4.883746035e-02
-4.883748525e-02
-4.883749876e-02
-4.883750596e-02
-4.883751003e-02
-4.883751219e-02
-4.883751349e-02
-4.883751422e-02
-4.883751463e-02
-4.883751487e-02
-4.883751501e-02
-4.883751510e-02
