0.184
0.287
0.432
1.326
2.657
4.079
11.782
19.278
26.077
33.792
41.627
48.145
55.986
62.890
71.497
78.492
85.780
92.699
101.389
108.181
115.133
121.878
129.608
138.181
144.767
152.245
159.215
166.156
173.103
180.603
187.397
194.995
202.058
209.214
217.136
224.257
230.815
236.892
244.305
251.821
258.965
265.724
273.740
281.812
287.905
295.253
301.991
309.143
316.806
324.306
331.059
338.130
345.574
352.486
360.047
367.098
374.248
380.459
387.663
395.123
403.318
409.796
415.878
421.505
429.201
437.149
444.641
451.358
458.080
464.520
471.094
479.929
486.921
496.075
503.130
509.435
516.666
523.722
530.629
537.318
543.872
551.753
559.407
566.011
573.294
580.562
587.055
593.194
599.836
606.039
613.143
619.584
626.400
632.687
640.197
647.211
653.268
660.369
666.760
674.084
680.757
686.680
